725282
846187
791121
495372
803607
1102615
529141
1284537
846724
540540
780345
658571
259167
846074
846324
795461
846719
846109
798987
652757
990615
880087
457501
787691
515482
786422
861808
847508
617030
213999
432748
218785
846721
579984
214067
847180
1061878
540573
846433
649945
214116
308407
847146
213750
847745
657711
292572
988139
847504
1145440
846157
846718
511286
846170
816239
785429
212639
235571
730495
846756
639328
553315
540759
846492
846160
331050
553468
540882
305462
794028
212868
847252
312328
785754
214167
944873
213287
540883
434482
655043
861701
214182
212680
214161
1001493
793784
213266
846676
213900
540566
846323
805955
655010
540886
213804
568352
536065
214136
864364
213040
658294
657427
847618
246133
481651
213322
796989
521040
1004149
941823
214174
1001788
1005002
214013
847499
212919
574722
214043
1187419
1064689
1291548
655921
213595
540607
214004
583424
794671
847578
1000734
378834
1068491
847582
373105
1000652
846594
846152
620318
317709
229400
780351
1049736
880126
846382
306359
797150
214178
847431
846383
214047
1404912
213763
1076618
846357
846713
791273
214029
1022007
847342
1294648
605430
536558
582568
1000718
540787
655684
214180
938236
1317958
586293
988194
1063562
944879
846957
1294632
873634
536072
988179
221250
846173
942700
488783
213219
228249
229240
847295
846690
214053
214114
302388
1266909
1236588
847351
1169263
237647
212741
214102
231181
847332
214001
846468
221736
445400
847561
212686
847292
846946
214065
214128
220285
213737
214011
989051
846689
220344
540680
914188
330854
212866
1319352
231918
219752
847349
988224
307415
1234484
221237
234991
214050
220528
1039260
214144
212698
220517
222566
212779
213828
214041
219795
880124
212729
1291530
564437
232648
214017
847565
238680
214002
238116
213906
213283
225457
220894
659388
847115
213551
213571
569279
213813
214091
450115
846483
213380
911834
213580
213827
213718
229710
223080
846013
333080
797530
213632
234211
847562
989041
478944
794820
724964
213987
314234
213902
611081
214089
213703
938297
212989
796943
846501
787748
213889
1236424
989066
515072
213521
213940
219518
847403
847024
1000741
213305
540677
212685
846347
860671
212635
213833
219151
561610
540591
540630
568888
213511
214078
846960
214010
880105
213598
213092
287187
250193
214125
213974
214033
615362
214080
795114
212940
213089
213725
214143
246684
846615
846118
221256
214100
214032
214082
404006
846614
213003
213520
847144
846114
846499
596937
846113
847118
237209
228097
213278
213968
302244
221135
305273
222979
213312
847176
302891
218976
847646
847168
791098
213899
457359
846096
780528
1000672
988210
782164
265023
221095
240393
846098
847167
799139
214064
540899
846529
214036
1445743
1067627
847147
213643
212675
213496
357879
846235
232887
944871
231064
212678
214056
1266302
800173
365219
846888
988092
234223
1294039
213768
358370
607425
657778
1298647
1240749
469583
213713
603760
1000743
764059
236090
846678
988177
863004
944831
627521
213878
988176
846368
787751
988160
988184
214146
212886
944930
915484
541290
846767
785745
786220
473021
794902
944885
540549
1266277
537343
846105
213988
428915
995492
213809
944830
1298644
988165
786411
914423
807206
1170147
539120
846102
212803
213812
944883
846673
944856
847226
221106
793843
787912
861403
1236234
795061
1417275
213888
315181
212795
1001480
213440
213673
1236430
254000
222893
537398
238806
846103
779901
213057
1236610
223560
213332
212900
995490
846927
1008942
213649
540710
214044
213963
764060
1000594
230915
213891
214024
440647
213607
212660
1236232
944895
214075
212643
213979
214083
213426
213875
213385
214086
221703
924492
214151
214105
444542
219734
212628
213644
944894
846317
794089
214104
846726
245209
846316
847375
296739
214111
213860
470096
470863
730469
847341
872787
880164
846595
331750
847043
365168
846900
349344
988089
846593
846079
880101
880147
847726
255850
989059
1156503
214134
540538
847275
942699
762203
782910
1018321
540675
540896
212975
927903
880086
614919
265089
1001792
800172
912747
594943
1283238
1285036
1236644
1236614
540739
1281789
1269952
214120
705402
730415
540895
705401
213064
653917
927905
1000720
608981
791840
847619
540959
582508
659387
796465
1030516
780993
374405
1081942
1269951
762202
213758
561232
944836
801911
847744
792209
846476
1236543
846733
212823
846477
846478
213652
540918
798021
995494
1317963
1388377
1283245
1376892
213522
1318937
1423681
1275031
1291511
1318938
1202701
1855467
1831651
1076355
551839
214132
576920
655014
762808
846600
787408
1281345
1266936
1550836
1651792
228274
1409412
1396460
846618
846479
1108136
1197516
611865
1083944
1214572
213785
914466
1108675
1483137
1497780
1486018
1646479
1606472
1855847
1474651
1240419
1161700
214157
1368426
912750
796885
913581
909068
880118
847440
914467
1650715
1313014
1679803
213456
1475701
1396213
233801
540626
582554
540676
540765
308201
308177
637526
213694
308519
212602
880176
1000733
607363
846634
214123
406837
847302
880168
847073
238014
847671
1008401
846589
911458
580268
607466
635020
213662
540511
213038
443113
540555
317535
847733
847228
1109806
861700
537408
540673
801081
846755
540948
212983
1291525
292523
1018312
1000687
1392780
301149
791274
304155
846633
540539
213890
785753
1294040
1053008
913616
653887
880160
880144
357806
1027073
540784
1258446
1377582
568124
1441353
1236515
540688
1376448
1481297
1510640
1498442
861251
378836
794727
607307
792858
493887
846731
1282834
1311849
1289280
1236571
913601
1421428
913600
1680054
1500938
1600147
1479714
1877646
1657637
1514612
847606
213501
913608
627590
800922
1047341
1379240
1243298
1291554
913618
1419238
1853843
1000732
988088
913603
913607
913610
1407537
214163
553744
261267
214175
913619
373033
988087
540917
213990
908157
913602
1001464
213515
1001790
1008389
1508403
1878527
1872432
1374988
1000666
306539
213742
301449
913620
213428
913612
214166
806829
913615
1311851
1038211
913609
1365805
1825748
1696667
913606
914462
1004164
518758
213920
846253
1004673
213933
1004146
213741
248251
847746
576934
247560
231506
287220
213654
846950
492068
1033833
846976
213793
1024304
1004147
213576
847407
220185
301594
213140
213971
213738
910667
224821
232065
213473
212859
213359
213772
914412
212810
652067
213967
301489
235787
225200
213469
846988
224633
302715
213876
230672
846579
243223
846597
910673
1166555
320750
607394
847069
792557
213677
220097
846661
540576
213735
214012
913005
301043
311654
240129
1258443
212593
214074
472669
325659
847568
237798
214031
364795
302912
214068
213288
847457
1018315
213048
214117
212590
213949
213103
1245694
288578
213193
212714
909974
302479
460349
249991
847130
213811
212638
213958
846711
1239647
790553
607454
214030
396414
214038
301275
846837
302920
424203
213965
213853
214093
1000651
846921
788014
847092
286492
213488
248317
730468
248492
1832710
946893
1882741
1649977
846714
944878
785744
847475
364819
795484
1230872
847476
846725
526892
846300
846965
1186986
302700
213912
238564
213858
1236235
926093
860736
990975
1566705
1559382
1806850
653350
552585
1001475
787733
301483
995493
582487
846545
1297440
1287852
798038
787910
783243
721153
1283246
944889
792814
995496
944838
213792
782399
791266
767179
1439445
1406219
658268
302611
466856
846884
214098
846362
618117
782912
213803
506037
320446
301999
212963
847570
213285
788419
213090
944867
540592
213914
847212
847459
988232
540925
847284
214153
540580
214087
212941
316826
846418
1001469
317515
847174
213429
1233789
846016
785878
213698
801931
1000735
846280
846292
212623
846792
846287
846281
847034
301677
847453
301496
286462
847340
231480
1000736
1082328
1236586
846012
846015
1377585
1236631
231773
846294
1240753
213601
1000646
235641
319129
542804
914468
914470
913574
914474
914475
1522043
659124
232137
847452
213059
1236561
995497
913575
1439224
914479
914472
1505050
1582932
1245643
1510525
914471
913572
415526
914473
540609
914476
914469
1423316
213896
847149
847607
638921
220346
220999
846622
911865
1016734
797722
213606
504304
794063
214162
233204
326259
299863
212681
847158
942703
235525
1070479
213957
272631
213798
913576
540649
914477
1279167
214176
214079
659995
212850
792197
213720
214152
213532
213854
1178680
213996
213495
423872
996673
847198
767018
1016112
221555
213597
213872
792704
213863
520345
222310
793134
214069
607385
301949
798096
222401
213775
1297442
1004125
396300
847591
212786
364792
223052
213690
794161
213319
225484
793414
265524
540554
1293582
213376
219984
846022
458750
536073
414470
880093
239887
221750
408827
213444
847000
213531
301934
1236429
1320418
1581212
1587373
1599626
1508203
1500274
212877
846897
237608
846672
221647
221474
846140
792555
846459
213856
847381
212614
320837
213903
212921
212760
1193184
500040
222770
1655773
1504942
1509069
301325
213271
1621470
1492067
1266961
1236445
847384
996778
213985
212730
944835
847380
847382
364830
846218
492750
244532
1291526
1476100
1468276
1817055
1847966
1505113
1279164
1183171
540898
988180
659589
790554
582922
847411
798046
1275032
1420413
558409
540894
846851
540736
540700
606614
846640
212961
320352
213411
212856
586967
323166
846051
582992
213161
652589
944884
212667
540661
213149
212817
540703
559014
448020
786031
846309
1468910
846565
1504436
1507983
346341
213815
1509956
1466470
1260988
441442
286529
913596
1670740
1178686
995488
1474649
874353
213145
1070651
287387
873646
925300
846066
1464760
1369050
212883
213904
846835
880177
540581
214156
289443
846445
785262
213369
213004
540941
214106
302039
213777
214154
510398
795695
791300
800132
213368
847195
404763
495598
540616
247128
380203
233704
846467
609718
213743
846471
540820
317507
1077194
944903
1040181
880185
875089
213544
1448707
875087
847743
1481595
1621853
1561589
1407541
1188465
607304
372519
944902
366621
540547
875093
1169264
1001479
1002422
871347
780469
913565
1156499
1493600
874354
913571
880186
913563
1837512
1000727
1000686
914480
1372385
564828
913564
914481
944848
213523
1197508
880184
873648
540943
913569
913568
1064540
1291506
846469
873650
1057687
212689
297796
880095
213413
236183
1027072
307533
847265
213778
213365
457358
233011
220763
846236
846243
846978
233017
220986
213152
846242
846394
234325
213960
1066706
609084
1016732
651695
271201
657775
212930
286289
262204
246029
213248
847286
234870
219966
241686
234265
846192
233430
220870
220760
397338
509350
322794
880085
591194
220741
289658
795710
787561
924968
846610
213330
213585
795393
1037468
766508
213009
608992
232196
237988
213136
269466
213645
880096
846225
1243259
795394
316706
540816
231790
228060
261513
846062
212809
788524
376291
847348
409052
846378
944864
213459
379328
212772
213492
1471747
1471748
212707
212586
1000710
1233799
1045639
1491182
1479385
1827072
1648589
847669
604753
1160864
802444
540696
540812
212746
1254946
301511
1368427
1414167
1493639
1659914
1688142
1847824
1504767
1483780
1429438
1298643
1240747
944876
1000730
1291527
1000731
397436
1068492
1486261
1000644
1503074
607308
213231
213284
847280
846953
540933
540857
846631
880107
944842
490572
944874
1467009
1236615
1260990
540946
944928
1187427
1001791
944853
871345
944857
1279163
1265243
1396459
1882989
847415
1000728
1280522
1265244
1027070
213584
1027071
846963
1652391
1423290
1294038
1265245
1148047
873178
1505118
1628603
1088963
1080507
1236224
1126806
1070862
1658018
1318192
540725
326423
540646
540799
212840
846166
559042
847038
212773
237033
539031
213171
212642
996682
1293578
1265412
846934
437496
1283244
846473
540651
1243281
1028024
1008940
943885
1505214
1508097
1053440
1440421
846895
579203
846872
540911
1062708
1195488
540563
1187434
847361
1156498
846865
847686
212816
846421
996322
1266989
519343
847356
944931
1236348
846422
540782
944861
1430915
847574
913580
303247
846134
299777
240480
607393
232974
365411
790555
787967
1000745
846753
846159
1000656
846575
846358
846679
1266330
910778
988225
570715
213616
846223
871348
214158
212716
944845
944870
914926
569013
219840
235837
303629
220959
213791
944887
1425259
224398
212782
213913
213592
1076356
213377
1245644
540704
847304
214150
914411
213563
846786
222762
1305630
1236427
846547
213225
846290
1188463
213865
244489
221556
213667
1378066
213609
1290771
1284566
1236523
213325
213447
214061
265882
988153
1275992
223137
233183
213487
213257
1265288
1064691
349190
366164
996321
846464
988168
1004128
214172
846075
846185
988235
315499
880123
910671
1187433
366119
213784
565045
944891
573332
988111
1279165
1258439
557102
489008
806306
847376
1074347
214119
1077879
220420
422880
220147
569046
846990
1107965
220030
846454
219653
308143
1266997
1004184
846991
540957
1214588
988112
788106
213787
1044994
233041
536071
1523603
1211644
988110
214026
846723
846180
846182
213462
799473
923684
1279166
1425401
846989
988230
322513
213603
213567
846117
1004172
220869
213752
221890
228004
1283890
214040
540730
213950
214014
988151
213761
570895
1004142
1154994
846244
245833
1368996
1004145
1443101
847048
290638
846119
1523612
1154178
1291551
1509834
1272568
1467739
880154
1402153
1298649
988084
988142
926291
941313
221307
846968
1545580
1599365
1648311
1505227
1528820
1505195
1547328
1504940
1818807
1505150
1567251
1560471
1483792
1571205
1504746
1414402
1409774
1385390
1384470
1377586
1368420
1322636
1322634
1322486
1313016
1312261
1309211
1308132
1305067
1305068
1425721
1303780
1299224
1299208
1294630
1291512
1289269
1289267
1284544
1284541
1280526
1279406
1274257
1266985
1266878
1266259
1262198
1259747
1259047
1259043
1258438
1257728
1243270
1239646
1236591
1236549
1236226
1216141
1214581
1214583
1211646
1197507
1188464
1178681
1175662
1172236
1172235
1172239
1172240
1172237
1172238
1170148
1169265
1169261
1168597
1164907
1164906
1105953
1102392
1087665
1079086
1072303
1054485
1054484
1054483
1051695
1051462
1028921
1024017
1021275
1016735
1004144
1004175
1004174
1004171
1004169
1004168
1004167
1004163
1001473
997934
988116
988134
988109
988170
988228
988096
992379
988114
988106
988227
988236
988167
988115
946066
946065
924774
924493
913589
1882196
1874972
1876721
1870650
1867059
1849471
1847567
1836622
1832692
1822371
1819912
1815774
1815763
1810845
1812980
1811850
1806867
1697857
1696679
1688414
1684821
1682967
1680693
1683732
1678225
1664058
1661998
1657132
1656742
1653529
1646376
1643987
1645070
1624250
1624255
1613071
1611503
1599364
1591693
1589108
1566707
1565609
1560195
1563028
1551736
1546807
1543032
1529757
1530024
1522356
1522911
1516304
1513451
1512504
1512642
1506203
1502179
1504102
1506402
1502185
1493354
1493023
1494576
1491184
1492841
1480533
1483118
1478514
1478515
1477191
880109
1469579
1472088
1470100
1469241
880125
880132
880136
1445732
1441142
1444100
861259
861260
861261
861262
504040
463855
847095
302884
846782
222859
846938
228138
846863
532868
847106
407108
220470
358055
846384
847611
591796
213807
292736
367317
847641
846375
846364
302751
846732
349307
847480
846356
244193
213268
301998
847450
412856
846278
233649
219836
846411
302895
302679
846027
213184
315856
409589
846208
230973
374027
540901
307975
245256
785935
846081
846082
847527
301485
847537
232209
301543
223094
847528
540771
436228
570013
1567271
1399766
846509
237242
476199
1275226
536557
213937
214020
540588
988097
219064
1370910
471829
213930
944910
606670
214108
324852
213135
409697
213867
214115
213329
214046
213943
214122
221812
511831
220478
214131
213437
213053
230809
321357
846650
941314
791990
880094
213432
213757
1000715
220221
220856
988104
214008
1293579
213951
212820
214076
1388376
1266282
913398
847505
378715
223117
287591
248906
213111
1298648
1388249
1258437
1245693
536069
847093
847556
213689
1236522
221045
846437
880098
261385
540764
302006
233132
232099
213931
1000971
988098
847735
1267477
258905
846818
237724
1183145
1387012
1299209
988202
243764
236086
846348
846486
214099
404696
1526747
1375582
1403141
1240745
1240751
1500946
1001491
309530
233823
1485153
578166
1193453
1187430
1068638
1261169
1245639
219513
1402152
1797983
1675332
1409409
1807692
1787783
1501580
1494310
1493696
1505233
1799010
1471331
1469577
1465789
1389981
1388375
1309212
1305069
1300646
1291557
1289270
1285687
1284545
1284542
1282202
1282201
1280435
1278685
1276883
1272567
1266988
1266851
1266906
1266884
1265240
1265278
1259044
1245654
1245705
1236548
1235529
1233793
1175661
1167226
1138478
1081761
1069018
1061875
1051211
1004143
1004181
1004165
988122
988201
941822
1878229
1836867
1831588
1789335
1787672
1787345
1696926
1662277
1652330
1619106
1621461
1613980
1619612
1597104
1533446
1520421
1518837
1510109
1501577
880088
231157
233294
847421
310986
213019
243445
847419
302496
846920
847374
230019
302840
847084
235446
450529
291599
223886
236999
302002
301253
847052
232098
846825
846772
248667
229730
221793
302402
316203
237147
241475
302651
301465
846490
504948
212715
229037
247127
213634
568378
221539
213375
540768
1000657
847441
236813
574488
847276
583425
219398
1187417
212606
793415
788625
581968
212734
439914
231051
634850
944868
1018319
212588
1039494
846124
289747
846518
847509
1281261
302534
212838
1000660
1284538
222479
233332
1000722
213452
847581
1000655
214101
213928
847366
792733
212721
214145
1000659
540732
847278
213986
214148
214103
1004178
847031
477695
540682
847125
213666
213826
540916
988150
540807
214141
1283234
1024681
213966
1001154
564685
241629
782151
213442
540632
874291
1087664
214095
988197
213916
847032
221302
580244
225097
229038
213018
213779
1236582
213862
989058
214169
214127
847696
1293584
1203781
634860
214088
847267
846162
1209397
1233791
940416
540952
213821
1236645
847507
847089
214129
304293
540828
220706
1291550
988185
846128
1424637
401421
846155
847506
1004170
944855
1027382
1374005
1165892
1291549
1187423
1052321
223136
213621
214092
1366358
1297436
1275227
302515
224015
847721
793931
213970
807435
287879
221882
846924
592179
269266
846797
847291
214009
212839
213782
846879
220364
846198
214045
220695
220371
223535
325088
847584
214048
1074580
213817
213857
222980
1236642
847022
846926
363759
213893
213688
846405
301794
301900
242309
249066
212598
846489
233934
786309
1004153
847599
1404178
1631846
1498438
1322614
1308131
846682
1008398
225179
992519
1673645
1696423
1786549
1499733
847202
1696422
1771825
1516856
1515960
1515170
1513450
1506155
1501559
1498027
1493803
1493698
1490674
1485152
1477082
1477192
1465575
1445738
1439325
1439065
1437727
1401058
1390462
1389450
1388700
1387157
1386005
1383348
1380018
1373534
1369869
1365804
1322624
1311141
1299216
1297447
1297441
1289266
1288380
1287840
1286636
1286638
1285689
1284543
1284540
1283891
1282203
1280527
1278686
1266987
1266844
1266875
1266882
1266908
1265241
1265242
1262199
1258440
1245663
1245662
1245690
1245626
1243258
1236533
1236530
1236552
1235528
1166554
1157064
1082163
1064692
1038959
1019763
218025
483205
213874
269305
846889
788884
301842
847103
570093
847224
375436
241640
787282
302142
288226
242823
301853
847160
532892
847012
847037
302009
847055
536564
245216
353620
219671
846730
373074
242299
427251
847711
260168
218862
286211
221535
288536
239438
302353
847662
302924
302631
365644
220717
260442
243932
212592
213095
301940
222412
302105
301526
846314
847692
234135
242124
846072
301451
223985
248812
847738
847739
302138
803341
847524
243780
788084
1004131
1001471
996777
988169
988186
988078
988083
940417
938235
1880681
1850335
1853644
1835280
1833544
1825036
1820798
1798283
1694204
1689638
1682643
1682617
1681689
1652772
1656112
1646631
1632136
1616548
1608170
1599380
1592915
1586425
1578639
1575864
1571875
1080377
213835
1291547
214113
213169
484587
847677
213808
1281260
243647
213702
1236559
213629
1240744
213700
1374006
540881
572201
213790
846163
516371
1214585
214015
214027
214160
1582104
213363
1072276
235464
847333
847239
847094
1317959
301973
242366
1384202
780595
213190
213919
232101
213973
223386
301907
536562
540884
248456
302598
1236633
213861
846465
1322623
1004176
847517
1402151
996776
219910
230656
1430913
1445739
1503099
1825446
1622779
1493605
1837005
1678425
1489154
816240
1832116
1799042
1799041
1557848
1547447
1528350
1523611
1502178
1501558
1501641
1501560
1501578
1501581
1501579
1500643
1500673
1495601
1494309
1465156
1389977
1309213
1289265
1289268
1284539
1266986
1262197
1240232
1191856
1187422
1169262
1004183
1004182
993081
1807521
1686626
1687670
1675007
1595896
1589598
1590163
864363
847417
269337
250204
304305
235600
315084
223331
411589
221721
460459
846042
221540
301273
299326
486499
261183
248283
847571
846059
1291514
943884
797322
223339
943177
536067
214165
228903
1018320
847697
213061
1289506
846789
213192
219125
1001465
214018
846880
286377
261585
213843
913591
944893
880133
301388
364294
302763
913593
1501561
1266903
1654138
1853827
1797998
1680385
1504953
1489311
1433825
1323132
1317961
1266286
229244
572928
847462
847613
846186
302693
846037
1004166
988102
914464
1814784
1698034
1628629
1632122
846729
846319
847433
846806
792443
1001492
1065777
781407
846497
1237411
846183
991776
540629
787225
1041513
880152
846291
213830
301758
1287846
1283247
213539
241950
846496
287877
212835
988183
213816
1276494
1423291
1419631
1240776
847285
914463
1821834
1501600
1565731
1826614
1587455
1464756
1522365
1493634
1798972
1498440
1496266
1438606
1266309
1240415
1059684
1024018
913592
1825071
1808068
1641704
1630891
846970
411570
301350
913582
223532
988117
797119
1187418
1298646
1291515
212813
913614
1245692
800924
875259
846359
913583
913586
873635
912751
1500935
846361
1000661
880181
880182
1281262
1291513
1375548
909266
349489
909265
808302
1576963
913587
1288362
913590
1616254
1786460
1194637
1836292
873071
847014
213097
913588
913584
1849472
1786745
1657893
1641749
1505071
1497286
1493599
1466481
926088
780956
1630593
1628517
1623620
1621485
847177
302731
236324
222594
320732
214164
213751
502413
846519
302198
847070
315589
243850
846360
371750
235487
320523
847235
214006
846141
324470
219008
241964
311013
847765
301779
1004185
1001468
1000593
1000729
944514
924494
913004
1874026
1871564
1868065
1871660
1845697
1836124
1799315
1789894
1653270
880104
1527962
1527963
1526745
1493305
1493368
1480541
1429736
1425025
1322635
1309216
1299227
1299220
1299221
1299213
1290776
1284574
1276886
1265298
1243264
1236420
1167974
1102816
1020647
1016183
1419630
847218
212701
425988
1001794
237003
213665
232774
846685
847742
944922
213218
213611
219318
880117
229198
254006
846840
846844
219968
989048
846951
213675
235078
1437318
1434274
1421429
1477089
1569102
1558316
1551634
1546159
1527547
1527146
213747
586969
538505
1382047
240773
231688
1284571
445204
302625
232452
219257
302868
230886
1439064
1402155
1388701
1287844
1085953
847594
1466479
1495583
1583983
1490935
1643200
1598470
1506412
1692601
1883189
1841001
1810789
1807788
1793027
1790731
1699786
1697802
1696425
1682014
1676274
1653738
1652375
1647233
1619373
1606243
1566732
301826
235544
288975
295831
314719
453284
219300
228253
233327
847350
220996
225054
301400
221084
846788
301957
213708
847707
224758
236864
244669
847566
214037
847491
234075
846417
846349
564826
233326
846206
302354
315711
233336
221738
232235
213217
229199
213980
261775
312572
440141
302647
240281
301146
232249
989054
988204
988155
952216
938234
1534709
1516502
1512691
1512700
1512695
1505858
1502200
1501562
1498152
1494305
1493802
1493693
1491378
1485155
1449462
1439322
1429632
1414503
1405382
1301182
1294420
1290761
1282218
1266996
1266869
1266321
1083995
240752
432569
213067
213220
302444
231933
1366354
220232
213504
219658
221651
219047
219514
213842
244051
213134
222199
235209
1260654
301648
286751
444037
315304
214110
308142
910668
1245657
989042
303884
243974
269478
213824
924495
235174
1266894
1474772
213736
260844
847563
235708
244777
213379
213417
232784
213200
847051
247069
265495
1075332
505575
248117
1004189
546814
213425
221170
213660
245625
213682
214094
213769
213588
952217
266114
213008
847605
221853
213300
492801
1417276
239379
1243263
1004190
239397
314412
236327
213628
212764
846845
847362
240740
213982
316749
846406
231599
221288
322950
302696
846439
1446038
1433711
1265239
1258452
1209060
1573471
1024015
1501567
1645259
1699088
1513912
847020
1562487
1549048
1527966
1506409
1501583
1501586
1245678
1859263
1852195
1843619
1835279
1834620
1834795
1831876
1827384
1799274
1788139
1689170
1683315
1676272
1675648
1652892
1644404
1624248
1601618
1601389
1600145
1599000
1589946
1582083
1578159
873633
307980
236677
243236
847065
213961
240685
213546
518125
846901
234661
237159
213448
261838
237886
213610
220229
846954
220903
231896
232632
237044
222672
241391
232878
219954
846892
846958
223832
301705
230781
249781
846846
231934
846850
503381
222004
847068
302600
233363
847104
302405
847050
301182
238166
266533
846681
477817
213457
846537
236368
846530
219915
301664
299818
532100
302720
236651
245287
847075
365015
222779
219759
286266
213566
221757
213468
228867
302085
846781
242131
846683
846580
847530
223428
846800
213739
406424
846674
231269
846444
240716
237150
301609
235902
846331
219945
302211
231317
846554
213587
302126
229236
846566
846263
846144
287918
605944
302351
241047
302173
213526
232667
238337
261773
301851
301784
314124
373764
286067
241425
219672
234106
241050
847261
272623
233964
243615
212932
236043
847664
301749
219772
236662
213852
240860
241513
234674
221743
213483
846377
302804
302377
846017
395631
1004192
1004159
1004158
1004157
1004156
1002419
997933
989053
989052
989040
988226
940141
910669
910779
880174
880090
1571874
1569989
1565137
1549299
1529711
1529712
1528055
1527964
1527967
1527974
1507446
1506411
1506410
1506403
1506406
1506216
1506217
1504103
1503916
1503915
1502203
1502198
1502199
1501603
1501571
1501573
1501568
1501565
1501563
1501585
1501584
1501342
1500638
1500641
1500261
1498146
1498148
1497567
1495078
1495575
1495590
1495589
1495586
1495588
1495582
1495584
1495579
1494311
1493700
1493694
1493369
1493365
1480433
1479214
1478985
1478593
1476014
1476098
1475700
1474295
1470728
1470172
1467719
1466483
1466497
1466498
1465157
1446796
1445353
1441939
1441462
1429439
1424624
1415832
1413499
1412963
1406222
1401056
1400424
1388702
1388698
1383354
1377557
1323873
1319047
1313017
1313149
1305075
1305076
1301183
1299222
1299223
1299212
1295787
1289293
1286644
1286646
1285043
1284572
1284573
1282220
1282219
1278696
1278699
1278698
1274261
1271688
1266979
1266970
1266958
1266955
1266876
1266891
1266911
1266912
1266879
1266871
1266328
1266326
1266327
1266332
1266279
1266280
1266320
1266323
1266310
1266316
1266263
1265231
1265275
1265246
1265250
1262210
1262211
1260982
1260653
1259065
1245650
1245680
1245658
1240411
1240410
1239908
1236595
1236541
1236572
1236339
1236418
1235535
1233803
1214573
1214580
1203779
1199123
1197511
1195898
1194621
1175651
1168394
1167234
1167235
1158375
1109803
1106341
1066929
1063786
1059683
1034200
1022006
1016113
239829
305485
847220
477291
213561
214057
213197
792952
470086
792118
236723
232908
314579
213820
235085
213602
213917
232210
540800
246991
240391
1259064
1105952
301324
503734
847019
311012
1266324
1243284
1243282
235457
1506408
301279
1500449
1493355
1126808
1878435
1824214
1809017
1787363
1787377
1663420
1654279
1646701
1642765
1641032
1621474
1616550
1613347
1022005
1008390
1007731
1004188
1000721
989056
989039
880102
847150
212671
225069
231679
213562
847425
213823
238869
245105
847359
213108
846922
237079
245473
246695
213669
221074
235996
301407
847217
228123
233793
300390
303612
301669
230296
302745
302162
847026
302501
301643
846875
301920
301903
231528
847678
233789
260063
269199
224642
236666
237921
847597
213216
237076
240567
301441
302416
286137
249976
236927
235196
231468
269095
236439
847474
222856
243235
266164
213446
240378
236718
239923
846441
214181
228568
213618
555680
316858
847299
847756
619971
314142
236758
213716
302688
847543
213668
413440
1602148
1599003
1597335
1593601
1588761
1566704
1559504
1558022
1551737
1550867
1548964
1544190
1544172
1527965
1523616
1522042
1514613
1513084
1510814
1506214
1506215
1506218
1502197
1501566
1501570
1501569
1500456
1498147
1497282
1495573
1495572
1495574
1495569
1495568
1495571
1495570
1495585
1495587
1495581
1493353
1493027
1491745
1488584
1488386
1475562
1469972
1470003
1465154
1449465
1449464
1439321
1438595
1426906
1424634
1422763
1416289
1322207
1313150
1309218
1290218
1289290
1289291
1289298
1289296
1288584
1287848
1287843
1286645
1284568
1284567
1284569
1282217
1278697
1274260
1266957
1266954
1266896
1266905
1266992
1266331
1266258
1266312
1266317
1266265
1265249
1265283
1265247
1258451
1245648
1243269
1236577
1236238
1236564
1236229
1233804
1184070
1134966
1066705
1026627
457768
989068
232646
300842
219083
212988
1004191
213029
213390
1417510
213188
222853
271305
231584
213370
213911
1289294
213869
236155
847539
788150
846603
302315
235113
212993
213734
213832
242696
1266973
847603
365194
294089
301791
1500934
1848773
1819887
1686671
1662335
1644835
1627762
1020058
1004133
1001463
989044
988216
244266
847184
239541
260573
301780
265339
847142
230927
847023
213427
540919
265204
237081
302295
213542
241967
432880
221693
302817
297882
846508
423041
301539
309584
847383
236437
292132
213238
246849
237909
1592257
1592068
1566487
1550292
1502201
1501582
1495580
1493288
1424643
1015455
846404
213908
880103
214142
1424642
1049735
222733
213819
846199
846209
231270
213733
540921
846116
989057
259325
222761
212828
213512
220590
988200
242107
1883537
1266322
1266313
1266262
1265277
1265284
1265248
1252722
1245659
1245710
1236585
1236554
1167975
1076619
1073931
1050336
1004134
1448722
1441141
1441123
1438593
1402154
1376917
1317957
1297446
1284570
1266919
1245686
1243278
1243262
1236428
1236421
1235537
1189934
1080508
477816
212933
1004177
212978
214077
799242
213158
989064
989065
540942
233097
225063
213109
372733
540718
213434
302709
781833
213975
1042744
1305183
1077181
846502
846612
1138479
1240750
847601
1234485
212756
914080
540655
213683
1000691
1067178
1000690
914079
213923
846112
944843
846515
261261
944880
847230
301447
213503
1000739
787189
233990
224177
1063787
231784
846543
212948
302652
302064
1065039
592922
343651
1236345
989055
1245670
540633
233883
540795
233755
908164
846839
913622
944846
297360
213886
1299211
1281350
1265268
1015454
1375581
847589
232482
235168
366750
1015456
847066
846937
302863
231323
301327
318772
1464685
1287841
1266888
1245671
1245672
1245664
1245667
1243302
1243293
230529
1430262
1492529
913621
1492353
1024009
1236616
1472354
1825607
1495077
1493701
1493632
1245669
1028025
1573929
1850337
1493602
1873225
1855794
1679878
1661015
1644107
1607374
1607375
1606442
1603815
1572527
873876
846780
231470
376364
261263
213569
265677
264793
356365
846484
232550
846812
301366
414333
319655
363284
305580
846491
659634
846246
373771
846175
1001466
914409
914408
914407
914081
1532181
1525978
1525026
1512856
1501564
1500873
1500642
1494308
1494307
213313
233700
847175
1305633
220951
213994
213969
847042
230032
1236351
237536
912752
213333
524294
233525
301156
302394
271845
349620
846397
301199
846949
489709
301642
1290750
1502810
1516282
1240412
1258442
1483157
847676
1581700
847116
1573745
1877773
1849187
1837100
1837101
1835417
1790850
1698720
1697797
1696270
1695579
1693403
1693409
1680540
1677705
1676257
1672002
1657133
1625402
1623882
1622924
1598149
847467
212832
437545
244955
847081
250096
236698
306122
799137
846584
846936
311915
846747
846452
504111
847573
265364
846451
229700
243854
301626
847470
213078
213870
301599
228098
846131
212802
847461
261555
846177
846147
301183
847549
339238
302644
1008393
1004677
1004674
1004671
1001487
1425258
1001472
988215
988221
988223
988080
952653
952218
943178
924970
806537
880175
880099
1561616
1559513
1547456
1516829
1502742
1500705
1473153
1473013
1467740
1442422
1428682
1322208
1320519
1315276
1305624
1309007
1286318
1284549
1278691
1278942
1266940
1260659
1237073
1165891
1079084
1037832
214124
795019
309006
213687
846095
233756
221373
250380
250381
212654
1146635
213164
213934
798323
914414
221744
847110
988209
213921
213395
847558
235374
1270992
846881
220210
219730
988158
1267464
213132
232193
301203
1031238
1008944
213458
223844
213290
272546
302256
261992
234731
220056
291899
847236
846913
302789
234541
230524
1373174
1266928
1063788
213847
213307
212800
241679
990636
289979
232889
847463
220168
847498
259401
302084
1272569
1267000
1266945
1266993
1266285
1076357
1504307
914418
860776
540900
1164807
847729
1498144
1470098
1608171
1825592
1601620
1503203
1869129
1236516
1881362
1859817
1815605
1811613
1811388
1696678
1684822
1658868
1648913
1647231
1646126
1622038
1615032
1614442
1614098
1611792
993515
988238
988199
988181
913624
880112
799225
847083
847188
847471
288718
847328
238525
222646
213236
302209
269049
847053
846909
250239
846763
847249
239866
336843
302792
236965
847027
847088
1446907
1571856
1233801
1298655
847502
998913
1825436
287438
1694475
1559975
213604
213467
319589
846691
262180
302591
266204
241359
232100
213553
847548
1000744
1000668
989062
989063
989067
989050
1669217
1499737
1493307
1290760
1265271
1245652
1243286
1243294
1071416
1021014
1008392
1494306
1493702
1493697
1490680
1484034
1483156
1479715
1476484
1471668
1468253
1440063
1438594
1426060
1404180
1388699
1377556
1266848
1266887
1266893
1266872
1266873
1266870
1266311
1265230
1265228
1265272
1265274
1265264
1265266
1245668
1245687
1243292
1243291
1243290
1214579
1068111
1063298
213340
219998
302613
301613
846785
306246
846586
219340
846585
846866
651772
302541
242833
235073
846607
302562
222347
847373
301234
213344
221268
232447
307394
301852
292034
224544
846326
239168
301658
847353
248057
301343
846073
307848
330780
302886
286318
213408
223072
292554
846093
846149
301525
575823
301319
1602147
1601954
1592067
1588219
1582484
1575673
1512697
1505966
1499302
1475077
1471490
1467251
1436597
1418394
1415949
1388373
1322485
1321565
1320518
1319351
1315274
1305071
1290752
1285715
1283893
1281121
1280437
1275989
1271687
1270991
1267466
1266976
1266967
1266964
1266999
1266942
1266943
1266927
1259050
1258441
1239649
1236233
1236412
1233796
1233794
1078488
1050335
1032213
847283
213314
214109
213139
847296
944832
880100
213639
258977
846247
988091
433203
286606
846388
910097
988175
944833
213545
540693
656600
394757
847412
914415
540749
1239907
221856
914419
847114
540949
302243
213727
236071
242145
1266267
924489
582553
427644
213568
1004138
1236609
988081
540713
302379
212769
911456
213475
213577
302901
231312
846708
219650
221110
302569
555779
301822
230840
213471
1437918
213124
924488
222228
219508
914420
213926
301170
847623
222884
1245688
220009
221911
302523
288546
219243
1384365
233632
235576
847511
213756
302665
243095
213760
238077
233978
300401
292149
213394
301855
235392
222466
231053
302864
219741
1188462
237801
1385509
1065040
1369412
847171
228148
213593
213740
234123
301893
301769
221910
847339
235383
473803
301993
213472
218969
232507
232915
213633
1467252
1236337
1197509
1480540
910091
1655967
1601381
846343
1582211
1520814
1499313
1859165
1559869
1691636
1682568
1836115
1007732
1000738
989046
989047
988079
988082
924773
927670
914416
910095
880148
247741
219851
233973
301790
233994
310941
847229
244906
847078
264631
235382
250377
847173
357710
219713
235275
846964
424094
302366
213557
260225
301908
233240
302326
234173
230702
302779
221776
230300
228164
846771
302281
246407
847046
228961
846659
846548
551784
212791
243831
242536
846557
302567
266278
364827
213175
213403
301844
289304
301270
213460
229433
213350
302732
302690
846560
311543
213123
302407
288735
301767
301635
302287
222063
229304
235130
846366
847534
213537
221740
847513
847443
291444
236553
229651
846346
213320
238876
242704
846684
212849
213144
302320
219668
233771
302348
266350
289255
846332
847532
302584
302823
846302
313216
261845
261324
396742
213851
1283240
214022
219520
213953
944886
911454
944888
944834
988164
301316
1284547
213641
231356
1299229
237628
213378
847515
847595
847585
234291
1236512
213801
219908
846424
880137
265520
213498
1233795
875094
1307240
213656
846385
231991
1299225
847345
213438
221902
1004123
880083
1444103
1407028
1516284
914422
996125
1375634
1102818
1546840
1498142
1447542
1601174
1471882
1854169
1651798
847413
306073
235711
228941
847206
213416
846973
847313
239896
847201
315152
846573
395642
220007
846671
846766
237555
213691
289068
271227
846571
846540
265982
302038
233329
358852
302520
213552
221859
314964
212909
846430
225416
289361
846608
265645
212837
213550
213245
246493
302393
846403
212943
244609
314933
265644
213463
221621
259373
213619
484773
846038
297126
301939
846076
212889
952211
914421
914927
914459
910096
1570167
1569587
1525210
1515143
1498141
1494635
1483386
1472520
1407539
1373027
1368422
1290753
1287847
1285690
1284548
1282208
1278690
1266968
1266855
1266853
1266925
1266300
1265310
1265285
1262201
1260987
1245685
1245695
1236607
1236361
1235533
1217578
1172250
1882731
1877142
1837099
1814769
1813351
1800417
1800302
1707668
1699343
1695457
1694203
1655775
1640591
1616084
1613032
1611258
1597827
1597826
1590728
847113
846765
213510
221797
213308
213679
993798
219017
235385
846023
1318188
1516283
1370905
1369413
1498143
1024013
1000392
212894
610494
846810
219241
302418
292316
234636
302672
213304
847600
846521
301391
213554
317261
320664
847598
1500255
1485474
1286640
1275988
1265311
1245673
1245684
1236347
1039799
1038724
1825758
1792316
1787191
911455
224769
213836
213306
397579
213525
847667
1245676
847259
213490
374925
232191
571586
1477344
1465155
926089
213433
1500937
847264
1699062
1841003
1691456
1837763
219769
847231
247230
220708
289821
301471
302472
261950
425341
299729
240864
302597
213676
1466478
1447543
1446039
1312260
1265234
1197510
1694729
1690272
330611
212706
1028026
212630
871097
213214
265221
1016262
242831
212611
1281056
1229625
1002321
1281055
1236558
213831
286475
1002322
224271
213795
225365
292231
1134967
302910
213955
540786
302056
302350
1031239
1266304
1236540
1317960
213232
1236360
1265413
232477
846154
1368423
847082
846399
302260
225014
243697
349642
212833
1266914
1265237
1236529
914460
909264
1601173
540593
1431087
1214578
1855909
1797984
234102
1558707
1522912
1477078
1650716
1571138
1613635
1852875
1827486
271079
529618
528308
212947
213348
230835
846762
846578
213579
847466
790900
246233
422808
241333
1000724
944849
1521430
1490411
1438604
1438603
1368421
1315183
1305623
1266305
1138477
1071415
1855910
1599379
1586533
212775
406756
1072857
213234
213382
880155
658538
1004329
213992
847723
847730
846150
988237
212663
212697
847013
996680
213343
423245
988146
988131
1071698
988121
1236227
1008943
1445406
1165769
213647
1030658
288030
1000670
213822
430999
1278683
846656
1412965
550971
912748
1259039
213418
988129
1187431
880106
498562
1236613
988130
787019
1282198
477688
232838
846534
988147
847388
847041
225577
213905
847134
540740
988094
988119
1162737
229826
221731
847387
233005
847728
1275029
988195
240483
1004132
795335
212669
880166
219973
213995
213178
790960
846414
1375785
1266295
1262194
221311
213977
1000725
213327
233749
247481
847204
231881
846553
1258436
988090
213699
286236
1215008
988149
225196
1294650
446685
236290
213508
229286
229165
1294649
1021019
988137
213334
248943
323145
213129
231545
1424627
1042130
804980
1000665
1482008
940142
1161702
1214582
1293580
1433677
1040613
470767
235518
1620859
1529584
1526609
1493705
1493804
1481592
1426062
1873696
1680438
1878230
1024019
1021016
1015460
1008395
1008394
1004910
1004180
1004121
1004196
1002425
1002421
1002651
1001456
1000669
995649
995648
988132
991775
988108
988173
988222
988136
988141
926290
926092
927904
1641563
880173
880127
808271
871098
213484
212797
847008
847325
238021
363350
289251
232978
261229
846596
232124
480763
846821
229302
320877
847129
596432
319735
213295
459574
213591
846915
782070
235517
847647
846588
213637
332407
846598
220893
321055
460885
222020
846261
308156
231473
846660
847500
242188
233210
846189
320878
846538
233744
847410
236367
213642
500386
846029
290676
228700
846230
330449
223285
847610
846443
846080
232397
325031
846353
364274
317330
846167
318461
213773
1607815
1600540
1597825
1590162
1589586
1575764
1561951
1555742
1550256
1548075
1545067
1513961
1500672
1494785
1493704
1493703
1479213
1479212
1478516
1477537
1441354
1440530
1438607
1430914
1420411
1419629
1408853
1398271
1386006
1381091
1375786
1370906
1322632
1425735
1309210
1290748
1290751
1290246
1288379
1285688
1285037
1281346
1278983
1278682
1268069
1262195
1262189
1262192
1262193
1259038
1254373
1245689
1243261
1240418
1240417
1239645
1236534
1236556
1236437
1236415
1175326
1064690
1060883
1044995
1882080
1836868
1835552
1834615
1828608
1825443
1814612
1810954
1799344
1678281
1661060
1649116
1645873
1624249
214085
847620
213952
540826
988138
788391
1297443
1109802
214063
236970
239445
213493
1275030
847592
212673
540824
846048
540903
214140
880167
847670
1000703
394652
783216
847546
220985
846344
658217
912744
232941
434593
340210
213797
261840
1015594
847486
944929
213205
847694
1294651
988187
988135
846717
212991
213341
213859
880131
846829
846475
222054
213564
1388251
213534
213282
213719
212888
1259063
788083
1233790
910670
1500933
1225788
1291510
1154998
1860356
1700708
1799711
1243297
1483797
1834194
1024006
1021020
1000705
1000667
988105
880135
434967
366779
315543
846833
249322
239181
846811
846525
243824
847637
238325
847645
847724
291793
846542
846668
234574
846227
847510
235451
847258
326244
271844
847357
846083
245886
214003
245686
213005
1606450
1578151
1569406
1525213
1525174
1516750
1505827
1502809
1502744
1502035
1501775
1494639
1482013
1475078
1468420
1449458
1441127
1441126
1441124
1439446
1409982
1393773
1391476
1388703
1380577
1289085
1287845
1282200
1282199
1276379
1274256
1274255
1272566
1266850
1266990
1266292
1266306
1266297
1266294
1265289
1262190
1262191
1245681
1245640
1240416
1108674
1075632
1052319
1034201
1031237
1838354
1657945
1613979
232687
800544
1471028
880141
212608
791257
312383
846008
302951
944911
212845
783110
214138
212632
214005
847695
314650
315431
1374989
1265299
495299
847481
540694
213653
214155
846511
846667
247898
289453
540728
345723
791944
846025
847179
540666
357157
507354
239985
1038210
212907
237879
944840
213335
1058677
846590
286393
212645
213578
1002417
213251
1000697
213043
1004179
996675
802689
452222
880172
1266899
213406
880156
540619
1001789
1287849
847036
239936
914458
501828
1158105
847119
540944
1078487
1024008
847396
988239
213275
540773
540612
376845
540614
1421430
801319
1063785
1000711
880082
846577
245972
265068
847435
847542
300073
213181
292688
540586
1004194
1061877
1001488
999076
1401057
1369859
1291524
302742
570956
249235
219868
213465
847225
847314
846039
301497
302179
286076
846391
212653
243792
846338
846408
239509
620281
223359
213031
264633
846009
302175
233781
846071
238044
233371
301487
232668
236131
301718
213439
1601390
1591298
1589945
1588282
1582209
1573746
1569103
1569314
1568576
1565959
1565608
1555741
1549705
1546788
1544309
1532444
1526608
1521433
1521467
1520781
1520562
1518835
1507129
1506407
1501757
1501497
1501533
1501503
1500644
1499294
1499303
1499290
1498245
1498145
1498150
1498151
1488067
1476895
1476138
1474002
1470023
1467003
1447544
1446477
1441940
1440281
1436595
1436598
1429440
1424631
1411030
1398928
1393301
1388250
1388252
1386380
1378908
1375662
1369382
1317249
1312258
1312259
1290764
1290767
1289274
1289276
1289275
1289273
1285039
1280438
1276884
1274258
1267474
1266984
1266946
1266847
1266933
1266885
1266924
1266868
1266303
1266299
1266275
1266266
1265233
1265236
1265267
1262202
1259049
1259048
1245675
1245674
1245645
1237735
1236521
1236608
1236566
1236422
1165077
1102817
1880147
1877206
1852271
1837513
1834295
1814349
1810527
1801129
1800466
1794144
1693263
1681834
1681714
1679879
1672367
1659897
1650842
1647732
1621473
1621183
1615351
846779
236118
1409779
537409
219693
871346
212633
1292714
846058
1004135
988113
847629
213541
1376411
349204
627962
641374
991555
846716
583427
847122
944841
287401
846336
235881
244908
1426394
880153
1030067
782462
912749
912746
1134968
846460
368584
212942
944866
1283243
1281788
478985
1236643
213198
213294
846254
379010
540772
1236225
806553
1001485
1305631
213030
540814
1269953
1039493
912745
796438
213555
1471335
244330
783273
512632
213855
311295
213116
847288
540905
397382
213489
213620
846389
1000654
265920
213599
846466
245968
1088161
1409411
1077339
1439404
1409414
1305632
1261170
1470024
1853049
1833866
1852679
1593229
1482169
1825784
1855414
1826042
1504987
1579247
1021024
1008396
988101
1628518
880130
213814
846977
310728
292937
366616
846746
303607
846814
781711
846917
424697
847644
846381
847523
220934
846266
235509
213635
235823
213482
412779
349136
243890
236159
1565982
1548036
1524612
1514641
1507128
1471341
1467001
1438613
1409780
1384364
1381092
1376198
1373538
1299234
1289263
1284536
1245679
1243285
1236560
1236357
1056669
1838477
1837669
1829247
1810472
1807745
1680439
1642753
802393
913611
1376449
1366356
1278694
1582087
1004195
1444047
548247
1850667
1854179
913605
1404181
1507130
1481294
913617
1799369
540951
1502244
1837004
1024010
1018523
1018322
1004678
1004672
1004152
1004129
1004141
1004122
1004193
1001494
1001477
1001462
1001459
1000645
1000681
998925
988213
988085
988163
988214
988182
988217
988219
988077
990635
988207
988218
988191
988086
995495
1000723
1209749
1106454
1027069
988193
1236646
1438601
1186985
1046527
913613
1004162
1000726
988172
913604
880159
319821
1051308
847749
221094
846238
1376432
1073930
1859772
1786432
1659839
1378526
1683753
540805
287164
1505177
1405819
1109804
233027
225381
213945
213617
1376919
233852
218696
213825
940140
846882
213388
1285040
231238
846784
1236605
924232
910672
847311
221035
286615
1275990
249116
1267465
246008
846207
240166
1439447
1266273
1607812
1021208
1008941
988231
938298
800946
301887
260327
212997
302016
241982
846742
223717
847067
846883
213726
846911
846482
847614
408659
301618
846621
213237
219179
847617
232390
213509
301901
249587
230157
259000
846046
235873
846299
302124
234054
302411
404025
238110
1607814
1607451
1592540
1525025
1506324
1502911
1502910
1500636
1446041
1438602
1285041
1266920
1259053
1245646
1245709
1245708
1245706
1245699
1236594
1236570
1236513
1236514
1234483
1065804
1055610
1056081
1881496
1880667
1875862
1847475
1836869
1819030
1817964
1696643
1696632
1693962
1683314
1681482
1666058
1658977
1658915
1642792
1639742
1624835
1623880
1615249
1613015
229031
239278
911453
846693
213451
213938
213339
213292
213324
222618
213105
302283
236065
220858
213981
847127
213636
1387160
1381365
213745
232600
235322
212796
213556
301418
213302
240176
249024
233709
214168
224272
222769
302521
213215
229289
265935
240544
653250
1377827
1290754
1267002
1243268
1236364
1074585
1280440
1193183
1566739
1502907
1500448
910092
213796
805867
1566635
1620147
847221
294180
332782
266436
302653
259384
246188
847085
846908
463932
539923
221954
233869
846916
847185
490002
232843
229510
470356
233459
846630
245201
232626
302278
430270
302397
301733
213384
246833
213126
242689
289839
265228
242239
433701
213497
289182
847406
461631
846438
302304
213352
302849
846259
367684
245947
241459
320841
222376
229009
1000693
914417
1512689
1510815
1507280
1504091
1502909
1489310
1473681
1473171
1472521
1395668
1393858
1377554
1322637
1286641
1285042
1281122
1267468
1267480
1267479
1267001
1266921
1266881
1266333
1266293
1265281
1259051
1243287
1243257
1236517
1236604
1196948
1188460
1154996
1018328
1869446
1838016
1816334
1809640
1792864
1789096
1686632
1685183
1647232
1640451
1631035
1624882
1624253
1621139
1619515
1613531
1607649
1593230
1592542
1584038
221314
213674
212595
213270
1284551
232155
235988
247426
212720
241461
1305625
219832
213535
213754
212848
220339
331030
224425
214016
910094
301390
1000742
942707
310661
1236237
213841
846581
309032
1368425
214021
910093
213879
213519
911459
317931
213453
214084
1239648
213873
846616
302160
213572
301792
1412966
1236590
847071
233810
798344
846864
237212
302765
1280528
1417512
1236581
1187420
234280
235626
291866
290615
212804
847713
218849
212890
213707
846701
847386
228810
301722
1439324
1417514
1281123
1266272
1236440
1229628
910090
1376410
302522
847301
301443
1516749
1503906
1267467
1582934
212902
847072
244563
423532
296829
213766
234209
265239
301746
302197
847346
536075
382063
212814
846955
213749
213494
847025
608016
301562
301550
213627
301868
213839
847108
213392
301307
238269
846933
301654
247062
261241
213244
846602
301533
224710
229211
213229
236609
414211
847636
846393
302017
301272
846526
846842
233766
219948
220971
241487
316261
213605
231880
302530
846365
302774
242170
241202
301666
846297
294132
300656
266280
847389
258906
233769
302612
463978
234283
846524
228998
235405
301396
213383
295802
213810
213481
246474
241834
213336
245963
293192
239778
266301
213260
847666
241670
233803
331619
846125
220940
409665
243288
1004675
1004127
989045
988166
988211
988152
880165
1571619
1565118
1535505
1521720
1519227
1512639
1512699
1509246
1503905
1503847
1503653
1503652
1502812
1502913
1502915
1502908
1501769
1501770
1501766
1501768
1495672
1490831
1481593
1478291
1471336
1470173
1466477
1444217
1422765
1405379
1402170
1398931
1389451
1387011
1377559
1365798
1323874
1322631
1320517
1309215
1308540
1305180
1299218
1290755
1289278
1289277
1289279
1284552
1282209
1278692
1274259
1268679
1266977
1266966
1266991
1266952
1266930
1266866
1266867
1266283
1266268
1262204
1260986
1260657
1258444
1252721
1245737
1245707
1243288
1243289
1243267
1243266
1236592
1236593
1236580
1236606
1236573
1236562
1236441
1233798
1172037
1165078
1156501
1108137
1079085
1072097
1052318
1030517
1018327
1804886
1800435
1799343
1790140
1786760
1665116
1658693
1648807
1648811
1645007
1631794
1616551
1615348
1608629
1605951
1600143
1598186
1597333
1592256
1578518
301653
1187421
213538
244044
213517
247209
228221
286524
846740
221123
1000702
1276495
1322625
1651793
1836116
326267
213575
401363
213486
213091
236875
483783
244356
237733
212615
301684
212749
846063
260124
301612
1001486
1000696
910098
1576141
1506202
1407538
1368424
1309871
1285691
1281348
1245647
1236599
1235593
1202700
1043926
1775334
1662648
1650860
302556
846625
846257
221945
846043
213272
1001476
1437730
1313635
995312
1235536
914410
1599319
1493304
1431686
1154983
1045441
582569
302681
846179
1018324
232538
847215
847131
214035
213455
260283
914413
415052
213180
212770
846510
212918
213133
212818
529207
767017
213276
793716
847009
626972
213104
540687
213491
287800
846828
316969
213794
212693
1239643
792556
213871
1001478
212599
446813
213478
406571
319988
213721
944869
1214586
213401
224551
213012
847216
797255
301680
212679
456034
212974
1175663
846699
213317
988120
302188
788350
1236528
1080272
989071
1317964
846935
847199
846561
988124
1282196
212867
302128
540781
213261
1291516
1217508
1018316
847096
326082
846645
332932
846830
540689
1008400
988125
988127
1401059
1290219
1282197
1080376
607419
1290747
540891
212610
988093
1075099
846275
213362
1026864
1236640
941821
213347
783250
372348
301580
846289
454009
847011
1021022
286232
213724
941820
212601
1266937
231897
797256
213776
846871
212594
212596
239956
213130
301630
847172
1187428
260136
371638
302594
286208
847716
846793
212604
241491
599293
364312
798211
847734
366776
988140
988145
1397242
1392379
1315275
1299226
1289259
1021021
793413
995486
1187416
540669
944837
996941
1291546
846504
847642
1021209
317418
212768
988123
1547772
296767
213093
1233787
1178683
1022358
213201
1425027
1308128
212959
213291
1236547
1042742
1518276
1080415
1109805
846832
1431687
1266978
988233
1405378
1311248
1187432
1383349
1275028
1437917
847691
1425028
1366355
1300647
1239644
1235987
213286
415755
1175664
847132
1063790
847451
1236358
1288378
1424781
1281119
301856
376118
301486
1500257
1500275
1499309
1615354
1670116
1505176
302389
1504722
1502743
846834
1504348
1505239
1547305
1504897
1525552
1835281
1502245
1824588
1525608
1505225
1497357
1845048
1597336
1504956
234961
223124
847060
847402
847045
213315
847490
847404
797296
237000
336664
553553
847169
540760
782486
846952
302131
301864
846783
846801
846648
846942
847702
847700
846712
846371
846675
782730
213279
724942
317424
614731
455932
307049
213160
301255
301536
847472
847446
847405
846426
540790
301751
846279
846276
289046
1000712
995491
988126
988128
988144
944920
927415
927414
1547252
1525601
1509561
1504645
1504443
915197
880129
880146
1573470
1571857
1570936
1566570
1566706
1559510
1530210
1530138
1522037
1512694
1505969
1504101
1502811
1500671
1500264
1500266
1500265
1500259
1500258
1500253
1500276
1500268
1500267
1499306
1499308
1499307
1499301
1499288
1498154
1498153
1492843
1492066
1489142
1480521
1480518
1478947
1478592
1476985
1474653
1474652
1473791
1471666
1467958
1466493
1449466
1445740
1440420
1438608
1434267
1431025
1429735
1419239
1416205
1414944
1407540
846271
846273
846283
232815
846269
232172
1004136
213010
846286
846265
1081617
220821
846791
846272
229999
1064085
1366865
1497800
1211643
1490693
1498443
1504794
846794
213186
846284
233367
846274
1312778
1081616
1024016
1833403
1650882
1828160
847492
540846
295787
232857
914478
913573
1502036
1372421
1196566
1077880
214135
220000
248296
1266902
1078097
639294
592758
212644
847152
846624
847156
313059
234569
564886
1080375
846629
847289
221665
1266900
846628
222869
240023
847673
942702
1260983
244857
213918
454309
847154
213436
1285695
1236239
213311
222091
942701
580648
846626
1199122
223624
569127
615225
213373
1284561
235071
264875
232644
221648
589765
1081452
1081451
846528
222408
213608
301553
236284
1266315
846649
242840
224902
224704
536077
995313
988234
1399767
1322633
1265287
1236557
1262208
1386386
1386385
1419237
1283242
1601382
924231
1516855
1008391
1412964
1482713
846138
1509807
1004161
1601708
847087
301216
847422
225279
213717
269057
213474
847151
846627
798432
301737
846919
846847
233249
846700
846912
791583
236370
240912
233307
846494
236176
358379
786855
241100
846325
302224
846910
234035
846402
846848
846453
300978
846715
846412
213173
302615
213615
847317
297085
540761
847519
213477
235649
301126
1278695
1258450
1004126
846903
213516
213441
213543
213692
846563
847426
846720
1404182
1139119
213349
219999
213658
213583
302312
237841
248322
234721
213624
225468
846339
1476501
1288384
1245718
1243275
1436459
846874
237416
995489
1305182
1493699
1294627
1843827
1161703
1266960
1485154
1486509
1187429
1288832
1581699
1570305
1482712
1530152
1520813
223364
1814613
1021025
1015459
911866
231018
301924
847153
301546
221571
847200
576828
286073
291891
301992
846878
434221
213672
847077
846652
219985
238568
213301
235524
846906
286381
287657
288917
846904
241794
639290
302307
240838
846722
230110
297614
244097
224051
213045
234249
846695
242420
258918
846224
846219
221458
847398
289001
229823
248669
221664
447815
213755
301563
499423
232020
213398
213764
846204
294161
847635
847319
847315
847656
846145
448337
229822
302602
1592272
1549300
1546841
1534010
1527548
1526746
1524614
1522039
1508158
1508157
1502912
1502196
1499310
1497281
1496562
1486396
1475986
1476238
1468499
1449459
1436542
1422027
1407032
1322629
1309214
1305181
1294628
1289287
1286642
1267481
1267471
1267478
1267472
1267483
1266949
1266864
1266865
1266284
1265297
1265270
1259061
1258449
1245682
1245717
1245656
1245697
1236639
1236352
1191955
1166553
1156505
1062501
1843822
1793467
1696004
1657590
1647417
1629895
1625599
1623619
1621415
1620611
923411
1214574
1214590
1203782
1190756
1188761
1186984
1186983
1175655
1175652
1175653
1167976
1152279
1132576
1132575
1129372
1089323
1077178
1072858
1070650
1614130
1054482
1052317
1051209
1049371
1043209
1043208
1041512
1038725
1029770
1305073
1299231
1299232
1299230
1299207
1294631
1289283
1289284
1291555
1290778
1290768
1284560
1289285
1288383
1289282
1289086
1284556
1285692
1285693
1284559
1284557
1284558
1280529
1280441
1280443
1280442
1282212
1282210
1281349
1283894
1282211
1278693
1275991
1280445
1281124
1280444
1272570
1272571
1266939
1269731
1267470
1267469
1266934
1265280
1266975
1266846
1262207
1260985
1260984
1259058
1258448
1258447
1245665
1245649
1245661
1236536
1240049
1236632
1236518
1236413
1236539
1236538
1236535
1236526
847145
301763
307877
245878
311599
847397
445603
846822
436839
315585
847428
239935
847473
301673
289547
847007
847323
311206
846918
847392
213262
847447
847370
306545
507593
213885
299417
430030
239927
244954
847683
846737
846945
311631
847097
846657
846576
847714
418975
266366
286576
540928
286482
846503
225019
241085
289473
358472
246757
846790
314058
247900
316400
846697
847516
239884
311180
846258
846500
846493
846181
847330
261857
536484
846423
846019
232940
213189
846574
380240
847279
846202
847327
847308
846068
243666
349533
846428
846033
846387
266502
287415
846215
846241
847674
286331
311055
846168
318310
269066
846061
301246
847682
247902
291979
847719
846123
846036
213530
286700
988174
988190
988240
944898
944900
926090
926091
1875224
1875163
1883010
1874317
1881354
1880200
1873071
1872827
1855908
1851094
1851607
1856729
1857665
1849186
1851226
1836547
1841352
1833455
1834085
1824706
1823317
1820389
1808005
1807801
1794366
1794090
1806581
1789752
1788051
1791899
1788721
1790460
1699338
1696437
1684386
1681904
1673642
1675640
1673641
1663112
1657638
1650857
1646632
1645877
1644414
1643582
1642754
1626524
1629711
1631999
1630914
1630541
1629710
1627628
1618964
1615648
1614360
1620612
1621138
1615647
1619609
1615365
1613044
1611261
1615205
1607372
1598466
1593525
1597829
1597339
1598467
1589942
1591304
1584784
1586763
1586161
1569769
1566729
1567956
1569363
1568382
1569997
1565724
1566768
1566539
1565992
1562885
1556460
1550866
1550839
1544097
1546265
1527972
1528862
1528881
1530025
1527969
1518509
1516604
1513235
1510817
1513270
1506209
1505968
1510641
1509774
1512979
1514234
1503851
1503848
1503844
1504090
1503845
1503852
1503850
1502918
1510442
1510108
1510107
1501767
1499295
1504098
1503853
1503849
1503846
1503903
1504097
1501758
1501760
1501512
1501771
1501762
1506206
1506205
1503900
1503857
1504092
1506803
1506210
1506208
1506204
1506207
1503902
1503904
1503901
1504096
1504095
1497759
1503856
1503855
1499735
1498166
1501755
1501765
1501772
1503854
1501761
1501763
1501759
1501756
1501764
1493565
1492842
1497556
1498025
1497760
1497781
1490675
1491748
1486050
1486016
1491392
1483116
1481292
1483382
1485810
1474650
1479641
880158
1478509
880114
1469239
1472931
1471746
1474648
1470093
1470094
816108
1449461
880171
880169
1469240
1469231
1467254
880115
880122
1449456
880143
794156
880091
880145
1445744
1446484
1445742
1445741
1445405
1444215
1438600
1436731
1439480
1438599
1439323
1438598
1432131
1432966
1424640
1426061
1427770
1427771
1422767
1422766
1423680
1421431
1413553
1416187
1414164
1406221
1409775
1409410
1409776
1409413
1409786
1409777
1405817
1405373
1407486
1401055
1397233
1397236
1397235
1389983
1393311
1388695
1389978
1384204
1385389
1382539
1381750
1381090
1372750
1319141
1319142
1317247
1315277
1308136
1313148
1305072
1622506
1628026
1826461
1267457
1267458
1267456
1266917
1263170
1262187
1260660
1260661
1258435
1245683
1245700
1240421
1239905
1236587
1236438
1236423
1234482
1233788
1169518
1160863
1128984
1126809
1086526
1086525
1083993
1082335
1058672
1058673
1055883
1049341
1025292
1024007
1022359
1016111
1313147
1311252
1317564
1311253
1312738
1308126
1308129
1309870
1308127
1305177
1305176
1305064
1298657
1297438
1293581
1291507
1290749
1285033
1290775
1290766
1289261
1283888
1282195
1285685
1284534
1883481
1847157
1840915
1830786
1828440
1822325
1813348
1808303
1792444
1695893
1698574
1697483
1692679
1684229
1682749
1657150
1649117
1643492
1644836
1645722
1645291
1645290
1632001
1628025
1630663
1619374
1621921
1625375
1619089
1621468
1621550
1613973
1601617
1601616
1603818
1593931
1590161
1593236
1592114
1595656
1403140
1398929
1389980
1387158
1377558
1373537
1289288
1284562
1266948
1266842
1266264
1259060
1259059
1245716
1236578
1236575
1236569
1217577
1197515
1079249
1052322
1056058
1041013
1037469
1318190
1319548
1297445
1293583
846221
213844
234062
847420
847287
232663
213096
235577
846031
223252
212904
847737
245864
302646
231816
847520
440591
213800
236509
289171
989043
944914
938233
927221
1877600
1820866
1787119
1787583
1786500
1696633
1696706
1693601
1692111
1677788
1674254
1656833
1654251
1623868
1631419
1615426
1612709
1596169
1588760
1534067
1532760
1527709
1522038
1506212
1512698
1502914
1510642
1502994
1506213
1502916
1488637
1478517
1476422
1478586
1476015
1467256
1414166
1398926
1388658
1387159
1368365
237851
213613
846838
926087
847379
240983
213399
213714
924772
924490
213533
219991
1423317
248242
301914
229675
326061
1308137
221447
212881
1425026
213454
1496152
1512696
1528864
1499730
1297444
1290758
1289286
1282835
1282213
1282214
1280531
1275033
1266296
1265232
1260656
1259057
1245655
1243274
1243273
1236589
1071411
1322628
1322627
1321566
1313015
847109
847028
235877
221357
266257
213806
847423
302021
846817
846662
847001
247954
213212
357880
846902
231553
239027
297923
232096
483356
234402
310832
366203
597891
302739
221502
803630
244027
301530
223097
232572
241185
301295
212916
223110
847377
846174
320549
246070
230079
288456
847488
233745
221346
234925
260699
846197
222773
847400
297950
526154
220970
212920
301500
247000
357147
236167
846226
302614
847593
213374
847633
846139
235424
220634
302838
996775
1810740
1810970
1697050
1675639
1665109
1659170
1652190
1654257
1621137
1618965
1612607
1605952
1599009
1600142
1595686
1591285
1592541
1562489
1799043
1547711
1528351
1529713
1524705
1524656
1521164
1501536
1500270
1498155
1502917
1501537
1499305
1500269
1495679
1493681
1486397
1489266
1481299
1473993
1467959
1439709
1438910
1438597
1436596
1431735
1428980
1427513
1413554
1412041
1410833
1377503
1378117
1366409
493411
540597
213548
213410
562581
213386
847310
1070025
944839
213210
727478
290431
1038899
540931
448676
785818
1002426
846053
653149
1278687
846307
846050
846133
846052
213159
944851
847639
944865
944875
941819
1297434
213596
1291553
944854
540641
540638
944863
548375
540932
880162
540598
846925
597586
345985
212861
540906
1266334
847665
846306
213524
944909
213230
846165
847710
1002423
213062
793331
847512
847385
793328
846106
847207
1194622
1046631
846750
552645
607432
846100
1175659
1240746
1046526
213154
988192
847759
944926
212915
880163
504395
785809
290814
1000682
846327
332890
1305179
1008397
1004150
873069
847159
847485
785906
847181
847632
794308
514011
213026
213153
605013
358331
846132
265530
1000717
944916
944890
1433710
1387013
944923
846047
793305
539030
880183
213131
846498
1018323
1236433
793330
1367366
1045638
1026865
1287850
944913
1178687
1318191
1015457
1048704
785804
1245642
1369383
1322111
1266922
1266918
1245660
847338
847197
785742
213079
846480
846121
1000664
996679
944512
1466496
880120
1465158
1446485
1446037
1441738
1442863
1424621
1405377
1404177
1398930
1397234
1389982
1388374
1236231
333603
996126
1496153
846161
1613089
801114
847194
1215009
1188734
872607
996678
532703
213518
1021018
846111
846049
557627
846034
1267462
1161701
846877
988198
318917
1291517
944860
1204640
1070652
212712
1175658
847337
847133
1465173
1283236
1240755
1027074
1243265
1057273
1441125
1613088
212617
212784
1291521
213402
1245651
1311251
1018313
913598
1365025
1415833
1053151
1291519
846905
1267461
944852
1038723
1243277
1240754
1078098
1067151
1239250
1023807
801055
1428656
212777
1291062
846425
1440646
1189254
1365809
1305626
1274262
1075333
847191
1001481
1291552
846431
1289302
323020
1291518
1291520
880097
1081802
1305628
1244345
1493631
944872
944917
1385511
1317962
1236230
1168829
1021017
1015461
504813
785821
406623
847624
846212
540550
460148
988188
988196
1444216
1473594
846380
944915
846135
847409
1156506
1529715
1287801
1162409
1489259
575855
212871
1483789
847687
1486440
1465172
1145441
1468748
1283235
1498140
1809026
996676
540750
1832416
1493633
1489309
1503075
1197513
1267484
1266972
1243272
1243271
1015458
847324
846959
846776
846085
846101
847767
847654
213166
1000671
996677
988203
1572528
1572769
1524597
1524613
1514609
1503651
1499298
1497279
1492350
1485423
1472930
1477077
1470727
1473929
1469414
1464761
1466972
1468256
1468309
880111
1468289
1445404
1446618
1441911
1441623
1446034
1441586
1441128
1413555
1874301
1490238
1492351
1580619
1522211
1398226
1388696
1378911
1378910
1378886
1375626
1365806
1364989
1322110
1308539
1308135
1308133
1305070
1305178
1301181
1299217
1298653
1295788
1294629
1289271
1288381
1288382
1287836
1284546
1282205
1282204
1281347
1280436
1278689
1278688
1275986
1266983
1266969
1266998
1266325
1265238
1265276
1265262
1262200
1259045
1259046
1245666
1242781
1241399
1240413
1236612
1236636
1236637
1236354
1233792
1189876
1189279
1187435
1178688
1178684
1175657
1175656
1172036
1156502
1156500
1135564
1077180
1047876
1036622
1036435
1021023
1004148
847189
847107
847079
443981
847442
847494
846930
543464
846929
847263
846931
534125
846999
847222
847196
846923
213088
846969
212758
540844
847622
785735
846427
846939
846853
418177
847706
847557
846558
785816
846663
847501
846252
366927
846328
540672
786117
846104
846065
846087
785944
847701
785937
847689
846091
558930
847305
212967
846374
847768
846310
847699
847612
847514
846120
846107
847587
1002323
1001793
1001467
1001461
1001457
1000740
1000707
1000695
1000688
1000663
1000679
995498
988178
988189
988154
988156
988157
988159
944919
913597
1877577
1873698
1871829
1882897
1874227
1874312
1868536
1871661
1858416
1852721
1850810
1847476
1842621
1845558
1838122
1835934
1839443
1832564
1838012
1835207
1822756
1828215
1829880
1822039
1824032
1824402
1813137
1813031
1808057
1813280
1810876
1809347
1799974
1809914
1800086
1792863
1792695
1799846
1794515
1786566
1787070
1700626
1694402
1700510
1699063
1689977
1692217
1685144
1692383
1690070
1688694
1685750
1683313
1682389
1677637
1675882
1661240
1661017
1654263
1656175
1656736
1652773
1647460
1645258
1647418
1644320
1642752
1632446
1628231
1627627
1630542
1631463
1631594
1625378
1625382
1625390
1632000
1625385
1625389
1625377
1625384
1627768
1625380
1625391
1625543
1625387
1625379
1625386
1625392
1625397
1625395
1625376
1625393
1625388
1624251
1625394
1616495
1622039
1614099
1615503
1614359
1602149
1606116
1602146
1608040
1606119
1598667
1603821
1601955
1601383
1593932
1597103
1597138
1592788
1591656
1592066
1588947
1587687
1583855
1577659
1577634
1576142
1580708
1569410
1572110
1561952
1565974
1555739
1561317
1558446
1561950
1558164
1547126
1544096
1534009
1542573
1528340
1527975
1532013
1527708
1529714
1528863
1527908
1527147
1520676
1521721
1512855
1515966
1514975
1517200
1512980
1505796
1513960
1513083
1501500
1500260
1499311
1500273
1500262
1499312
1499287
1499296
1510416
1503650
1501502
1506404
1503076
1498024
1500869
1499304
1499292
1499300
1499734
1498163
1498149
1497557
1500446
1500272
1499291
1494784
1494637
1495079
1493680
1500254
1499297
1499289
1500271
1499731
1499736
1499299
1494636
1498157
1498156
1497777
1491747
1494638
1493025
1485802
1490913
1488056
1490679
1482714
1490412
1490413
1485134
1489251
1478290
1486395
1485737
1483119
1483155
880150
1475563
1475076
1480027
1480531
1480995
1475185
1476981
1471667
1470729
1478512
1478511
1478289
1467255
1466190
1472394
880161
1470099
1469928
1469238
1468419
1467737
1466599
1466482
1466370
1466499
1449463
1448723
1466524
880134
880121
1464762
880138
1567256
1587386
1567236
847021
798552
213069
242337
880170
212587
1015450
944904
1245698
762204
944877
213818
540910
239654
1064541
796779
214147
540934
1018332
213101
307141
214139
213013
846470
239458
550512
873649
847449
239459
483503
909973
414427
431879
1004139
778653
846450
242336
540557
378909
213881
212944
261349
658189
306506
540909
1039495
846744
1371712
357205
1076358
988143
1064539
212996
213655
846808
801057
1278680
1266965
1015452
353785
540600
212858
344180
213845
344177
1071413
290714
1245653
214149
799500
1219487
996674
1365808
1243295
1024011
873647
1798043
847138
846234
1509731
1467736
1440531
1414165
1412039
1404911
1404179
1379239
1366723
1320453
1284533
1259037
1245677
1237407
1216142
1202699
1188466
1187424
1162020
1056392
1049966
1049425
1024314
1023806
1022357
1021015
1015451
1008399
871344
213802
847086
847448
213323
847458
505222
248877
213397
472950
846748
540904
846127
657404
388112
846472
220208
847750
540935
308408
353783
847688
847551
502708
213086
1000694
988103
938296
927906
924496
913570
1874463
1830370
1667431
1625363
1625365
1625367
1627782
1620515
1620516
1625368
1512690
1490415
1368428
1382485
1299307
1299309
1299306
1299210
846239
228572
219200
846857
397236
213357
847099
846943
847444
1004187
442911
489687
212788
1004186
846962
1243260
1236546
847157
440454
366741
213328
235293
846446
298715
846395
846352
846248
318708
847579
847529
846089
989069
989070
952213
952214
952215
924969
1016733
1024012
1002424
846651
989060
940415
1518361
1519130
1478224
1467738
1420222
1414404
1398927
1311250
1299308
1299311
1299228
1291529
1287851
1237476
1165079
1086601
1069227
847047
318706
846862
234735
846855
846860
846858
846941
448222
846932
489045
220793
846293
358356
303033
847290
231908
847268
846350
846090
503693
846084
846086
996684
1838806
1838615
1839654
1829746
1828609
1369381
1365802
1322626
1280524
1280523
1280525
1278681
1276887
1278941
236372
1305074
1446588
1445715
1446032
1446035
1445658
1445322
1444099
1444038
1443401
1443400
1441913
1441737
1440529
1440324
1439223
1438605
1437435
1434590
1423310
1418066
1417511
1412042
1405374
1405380
1405375
1405376
1478588
1624295
1814408
1644371
880149
880108
1527968
1514614
1502202
1502187
1502183
1502182
1502184
1502181
1502180
1493026
308644
605193
591139
245951
231752
1034202
846018
221241
232996
846295
220855
249441
223993
847468
847577
357002
238931
302801
223907
214118
220169
1299310
1267473
1004676
1230430
846251
1510813
1595135
299561
240038
846653
248382
846237
247920
234253
847274
605869
287671
846026
1000399
1871667
880116
1519131
1512641
1492840
1449460
1434268
847250
846948
260182
846512
259159
846769
1233800
847205
248683
288715
846143
1507445
1049988
1794236
1569588
299192
846355
847269
847273
231663
846020
250009
944897
1815117
1491183
1405381
1299214
1291528
1282216
1018317
540758
213355
214054
409571
453088
540831
1266963
944881
847540
1236439
846057
212994
1240752
534945
940803
880157
540601
847663
847555
1266843
847238
847541
847650
846893
846232
996681
212908
1291543
944850
996686
1057088
1291544
1281343
1240756
540822
847455
452474
213258
1408854
847058
213235
846442
1298645
453646
1236363
846974
1280520
847163
847234
1236551
1291545
1291542
212736
847135
212650
846754
452591
846670
846907
247582
213072
540556
846774
847732
505583
212619
847652
988099
988100
1266915
1065776
1383350
847318
846322
942705
540751
1265252
1366211
847355
302819
213044
1172708
1081203
447153
1265309
1377127
1245637
1069017
847139
540855
1015453
1267482
292693
1071412
213400
441268
1430911
1366357
992134
880084
1290772
847162
847039
846665
846775
846549
846891
212744
846216
846815
846435
847552
847367
240519
213274
846462
847326
846409
847634
1000713
924491
880139
880128
1445745
1432566
1414504
1377128
1376891
1374987
1371711
1280521
1266859
1266858
1266995
1266288
1266271
1265295
1265296
1265255
1265261
1265258
1265294
1265251
1245638
1245712
1245711
1245632
1243301
1243305
1236531
1154995
1047428
1018314
540927
988133
1469581
1626241
1471660
1448967
1505953
1183988
1265308
1262186
799113
1298658
1298650
1640714
1797985
1566703
1577635
1566561
1565138
1501508
1499286
1498160
1567129
1504929
1869244
1504603
1626589
1848331
1843823
1501526
1567216
1375635
1811806
1810783
1799082
1793335
1791764
1791320
1791147
1790831
1787585
1700369
1697510
1695777
1695187
1694291
1691688
1690610
1690572
1689196
1687652
1686739
1685306
1682941
1682019
1678014
1677787
1677591
1675269
1675270
1674398
1674399
1674400
1662543
1658856
1658963
1655100
1655102
1650948
1650369
1650368
1644551
1643199
1630745
1625370
1625371
1625374
1625362
1625366
1625364
1625369
1623174
1623175
1622937
1619611
1613981
1613345
1611504
1611260
1601622
1602007
1599282
1598531
1598469
1597136
1592014
1591283
1591301
1591021
1589943
1586532
1584679
1584678
1578160
1575765
1574184
1569313
1565973
1565732
1565401
1561949
213372
847128
212879
212984
485160
846998
847347
846956
213187
846735
527133
847091
449919
272587
846986
301317
213924
846458
846764
846604
846654
846841
846591
339280
530764
847487
847358
846506
846702
847550
213241
846386
847758
846303
846233
846457
509752
847260
847661
213071
846122
213289
846056
513050
459491
551421
847628
324921
847575
540818
1001483
1001482
1001474
1000719
1000701
1000689
1000680
993427
992133
988107
988118
942704
913003
1877337
1881771
1872550
1857481
1858754
1846490
1567233
1529554
1504418
880179
880180
1558522
1557847
1552393
1550935
1548037
1669200
1527970
1527973
1516303
1512692
1512643
1508190
1506405
1505967
1502921
1502741
1502919
1502046
1501510
1501511
1501506
1501504
1501509
1501501
1501498
1501499
1501525
1500939
1500936
1500316
1498444
1498159
1498161
1497280
1495600
1494786
1493801
1493635
1493308
1493024
1491746
1481591
1478510
1477188
1476986
1471880
1467002
1449457
1464755
1446033
1442453
1439326
1438610
1438611
1436439
846201
1430912
1426368
1424782
1423312
1423679
1423677
1423678
1420223
1416911
1415834
1415128
1412040
1407542
1405818
1403770
1400425
1396462
1393300
1391475
1386004
1383253
1381410
1380997
1380684
1380576
1380483
1378909
1378530
1378061
1377126
1376199
1376122
1374986
1373533
1371342
1365803
1323253
1322622
1322621
1320417
1319888
1317248
1308125
1305063
1299215
1299219
1295786
1290765
1290746
1290745
1290770
1290774
1288377
1286634
1286635
1285714
1284531
1284532
1276880
1275271
1270989
1268678
1267476
1267455
1266982
1266974
1266856
1266857
1266862
1266860
1266849
1266854
1266852
1266845
1266994
1266289
1266290
1266270
1266298
1266269
1265305
1265303
1265304
1265307
1265301
1265256
1265257
1265254
1265260
1265300
1265259
1265293
1265253
1265291
1265292
1259041
1245715
1245714
1245713
1245631
1245704
1245630
1245702
1245636
1245635
1245633
1245634
1245624
1245628
1245627
1245625
1243304
1243303
1243306
1243296
1243300
1243299
1239642
1237736
1236435
1236436
1236545
1236417
1233784
1233785
1233786
1216140
1188467
1188760
1187436
1187449
1178679
1175665
1159609
1129622
1129621
1108673
1107757
1105954
1088502
1086925
1082336
1081729
1078580
1073215
1070863
1062989
1049368
1042743
1041007
1036891
1004160
288271
847242
1291535
1018329
1243279
540775
484955
213042
1024014
1272572
846928
1388372
1291534
213017
212631
996683
1243280
1107966
800600
1000677
847270
847553
1297437
540833
213041
212901
847006
1291556
847059
500241
326421
213239
846060
213006
1169519
846488
1049989
1236641
486516
557141
1069020
1018330
1000684
1406218
1294036
1466619
1186982
212950
847464
212780
846570
236209
847300
540731
1236243
212986
1240748
1214577
1077878
1061879
1067940
245219
318842
847281
327032
248958
331171
212799
847227
847378
489392
847243
988229
944906
1360345
1305629
1266278
1236520
1236425
1236565
1236431
1050897
1441912
1464757
1390461
507119
846796
397240
212985
846169
1291540
1291532
333331
540850
847237
988206
1311848
1236245
1087964
1424318
1294037
1584655
1464759
1260981
1675641
540912
1000662
988220
1521165
1240743
1642768
1275993
1675637
1018318
1675636
1675638
1603812
1489254
1490254
1504335
1504636
1483799
1505192
1508276
1504356
1608466
1490256
1505180
1504402
1517748
1596640
1500173
1599886
1624256
1559855
1504462
1614961
1504345
1870686
1870183
1857522
1853774
1849990
1847253
1843058
1841214
1840816
1836499
1829919
1826462
1810350
1806711
1799345
1792290
1788232
1788533
1690738
1685460
1684796
1674694
1657134
1653866
1652306
1648476
1644211
1639578
1625372
1625373
1625383
1625381
1625398
1625399
1625396
1625400
1625401
1624664
1624254
1621471
1621140
1613974
1611793
1611259
1608041
1607373
1602390
1592199
1591284
1589944
1588763
1588224
1586534
1585624
1584528
1582210
1581421
1572526
1566767
1562889
847124
847193
847123
847399
212672
540691
241190
847044
847061
847282
343474
567901
847164
271317
310611
847040
847002
503854
847182
847005
847004
847170
847165
846778
846987
846997
846967
846795
846777
847126
846567
846605
847030
846985
847569
512123
540874
847648
846373
847525
846376
213202
847354
847393
846447
847329
540958
846270
846092
846099
847343
847246
847247
847262
847241
846064
846372
847761
846210
302610
847554
540815
847538
846108
213600
846304
846054
847521
1004173
1001484
1001523
1001522
1000650
1000649
1000647
1000737
1000708
1000706
1000704
1000700
1000699
1000698
1000685
1000683
1000676
1000675
1000674
1000673
988212
988241
988162
988161
952212
944918
944927
944896
944901
944925
944859
944912
944905
944858
944907
944921
913623
1641708
1626815
1544197
1522387
1508837
1507975
1508671
1508083
1504917
1508789
1508864
1508059
1504620
1504440
1504671
1504535
1504703
1504862
1504750
1505059
1504980
1504596
1548076
1547125
1546231
1797986
1543518
1542574
1533445
1532014
1529070
1525175
1518362
1651797
1514610
1512688
1509835
1502747
1500639
1499732
1497560
1497283
1491391
1488387
1485733
1484958
1482171
1482170
1480996
1480435
1479362
1478843
1478245
1477083
1475984
1475985
1475982
1475983
1474771
1473480
1471338
1470097
1470026
1470025
1469578
1466480
1466775
1466492
1466500
1446476
1444048
1442423
1440325
1439320
1439479
1439222
1438592
1436438
1420221
1414403
1410834
1406603
1406220
1396461
1393299
1392779
1383103
1379238
1378065
1366353
1308139
1305643
1305627
1298654
1298652
1298656
1294035
1291600
1291536
1291538
1291539
1291533
1289299
1284575
1283237
1282221
1282222
1271689
1267475
1266329
1266276
1265282
1262212
1260980
1259067
1258453
1258454
1245696
1245641
1245629
1239651
1239650
1236596
1236597
1236598
1236617
1236542
1236584
1236537
1236527
1236524
1236583
1236635
1236638
1236602
1236634
1236601
1236362
1236629
1236553
1236568
1236550
1236355
1236350
1236349
1236544
1236432
1236343
1236344
1236426
1236511
1236340
1236419
1236341
1236342
1236334
1236335
1236416
1236365
1235532
1214575
1214576
1202702
1197506
1196939
1196938
1135563
1102391
1067941
1056668
1051214
1051213
1051212
1050874
1050873
1050872
1050871
1047340
1024305
1018331
1018326
1018325
1000967
1240420
846870
1290777
1245691
519215
846636
847703
212637
847434
846130
847560
944899
940804
944908
1466610
1412043
1236630
847120
846873
1237205
1469973
1486045
1082164
1622841
1622840
1369868
1291508
1466600
1466611
1598999
1504542
913577
1480538
1311249
1504578
1852203
1850336
1849969
1847473
1841462
1828400
1808099
1807225
1795235
1697807
1659899
1653951
1640376
1631406
1627312
1624029
1615206
1607227
1599366
1593235
1592963
1578025
1552626
1549688
1546229
1546230
847479
609431
847320
846799
846760
846752
846994
846738
846869
846867
846896
847681
846894
847608
846868
213540
659758
540564
846137
847424
846028
846217
213075
212914
846203
212911
1000653
913579
913578
1528654
1527971
1525214
1516751
1512640
1512693
1504191
1502920
1501507
1501505
1501528
1501527
1501524
1501523
1501534
1501535
1501529
1501532
1501531
1499293
1498441
1498162
1498165
1498164
1498158
1497757
1497756
1497758
1498167
1497761
1492352
1491393
1491394
1486046
1483383
1480753
1480054
1479211
1472349
1470800
1470290
1470095
1467956
1447530
1443100
1443099
1442452
1438359
1436732
1429120
1429121
1426370
1422764
1417278
1417277
1416912
1407029
1400423
1387156
1385510
1381408
1381409
1381407
1375661
1367367
1365797
1322112
1312262
1294626
1289262
1285035
1285034
1275987
1266981
1236579
1236356
1209970
1178685
1175660
1160549
1126810
1086600
1071414
1058671
1052320
1030068
1004137
1567289
1839262
1849713
1838906
1838773
1834796
1831770
1822971
1818571
1817319
1816697
1814791
1814187
1280439
